4 50 4
50
50
50
50
0 23.11993675 -82.32977302 6
1 23.10323513 -82.37226131 14
2 23.06835179 -82.43206102 14
3 23.10027001 -82.36277534 17
4 23.12770035 -82.40008214 17
5 23.12404628 -82.40785523 5
6 23.12697744 -82.37301963 10
7 23.11978007 -82.39100774 3
8 23.11220293 -82.36693189 10
9 23.07437232 -82.43178321 3
10 23.09528089 -82.39156713 4
11 23.09851071 -82.35257591 2
12 23.07670914 -82.42007939 12
13 23.08115318 -82.43023826 11
14 23.09189627 -82.369775 9
15 23.12734177 -82.38128795 12
16 23.11561972 -82.39633834 15
17 23.12458513 -82.42259079 15
18 23.06873813 -82.43010522 5
19 23.09458311 -82.37062717 9
20 23.07186839 -82.38807108 13
21 23.12880217 -82.3765467 5
22 23.06112033 -82.33821157 13
23 23.12680289 -82.3745676 4
24 23.10654062 -82.38923301 4
25 23.11939678 -82.3775335 9
26 23.0907799 -82.34964928 4
27 23.11789097 -82.41612979 17
28 23.08404028 -82.41476343 11
29 23.12657161 -82.33364017 1
30 23.10614909 -82.38635196 5
31 23.06736548 -82.44948887 9
32 23.05524307 -82.37982764 16
33 23.08656475 -82.46199562 18
34 23.09474348 -82.35628439 16
35 23.07161349 -82.43790938 8
36 23.08055591 -82.43001332 11
37 23.09148114 -82.35719513 15
38 23.09133017 -82.37569286 17
39 23.07560126 -82.31508672 17
40 23.05704432 -82.46369858 6
41 23.1035703 -82.33204276 13
42 23.1260739 -82.37243129 5
43 23.05905059 -82.38933013 11
44 23.12722895 -82.4020687 4
45 23.10592459 -82.32796027 20
46 23.08776263 -82.36495091 12
47 23.07429555 -82.42706038 4
48 23.10813535 -82.39055531 18
49 23.0567367 -82.45820923 4
