4 50 4
50
50
50
50
0 23.07658329 -82.31711341 11
1 23.08809165 -82.38046935 19
2 23.12624164 -82.39115311 4
3 23.10078975 -82.36673786 14
4 23.12920515 -82.37688084 8
5 23.09920493 -82.37715249 19
6 23.0960326 -82.36918036 2
7 23.12968988 -82.38966018 11
8 23.1010951 -82.38805238 12
9 23.09993958 -82.33650503 17
10 23.07363773 -82.3613428 15
11 23.12828544 -82.32453085 9
12 23.12564268 -82.32464419 1
13 23.1267473 -82.36498816 18
14 23.09663832 -82.32552482 8
15 23.10733252 -82.36946415 4
16 23.1097303 -82.38149651 19
